10
1.988e+30
3.33e+23
4.867e+24
5.972e+24
6.419e+23
1.899e+27
5.685e+26
8.683e+25
1.024e+26
1.303e+22
0.0
44298940342.88921
-38771618878.07003
-6236464504.7840395
-91012988825.44585
-204660431642.82706
384463142779.51276
2888690206431.14
-4088556114803.3574
-2173083661579.4548
0.0
21297719707.598797
100223387191.79993
147008104396.6694
224473673163.16885
748926781573.0776
-1450975713568.3884
784067789928.9556
1906381388382.157
5751573433990.57
0.0
-2336004505.362556
3590745674.292698
23184221.872275274
6946893629.049697
1523922466.6546347
10210718209.14562
-34607676970.168495
54946384201.40566
12749929732.582664
0.0
-30590.785480014223
-32781.165043521665
-30257.074568077922
-21524.398824847143
-12784.372994687013
8805.192434113536
-1844.4530054564236
-2337.7372000345777
-3542.4431150496075
0.0
46079.712911132985
-12831.574116476206
-1380.8343816152183
-7053.204791541545
-2838.0386333186125
2442.0795221173776
6254.455262101803
-4894.1688250676625
-2533.4956336896735
0.0
6573.240034994432
1721.1341004295036
-1.110216758581626
384.6523547194473
298.23915153533306
-392.8298399831066
47.252611616251684
154.9670434745729
1283.243138001364
